line -110 191 -110 191
line -191 110 -191 111
line -220 0 -221 0
line -191 -110 -191 -110
line -110 -191 -111 -191
line 0 -220 0 -221
line 110 -191 110 -191
line 191 -110 191 -111
line 220 0 221 0
line 191 110 191 110
line 110 191 111 191
line 0 220 0 221
line -110 191 -111 190
line -191 110 -191 109
line -220 0 -220 -1
line -191 -110 -190 -111
line -110 -191 -109 -191
line 0 -220 1 -220
line 110 -191 111 -190
line 191 -110 191 -109
line 220 0 220 1
line 191 110 190 111
line 110 191 109 191
line 0 220 -1 220
line -110 191 -109 190
line -191 110 -190 110
line -220 0 -219 0
line -191 -110 -190 -109
line -110 -191 -110 -190
line 0 -220 0 -219
line 110 -191 109 -190
line 191 -110 190 -110
line 220 0 219 0
line 191 110 190 109
line 110 191 110 190
line 0 220 0 219
line -110 191 -109 191
line -191 110 -190 111
line -220 0 -220 1
line -191 -110 -191 -109
line -110 -191 -111 -190
line 0 -220 -1 -220
line 110 -191 109 -191
line 191 -110 190 -111
line 220 0 220 -1
line 191 110 191 109
line 110 191 111 190
line 0 220 1 220
line -92 160 -96 167
line -160 93 -167 97
line -185 0 -193 0
line -160 -92 -167 -96
line -93 -160 -97 -167
line 0 -185 0 -193
line 92 -160 96 -167
line 160 -93 167 -97
line 185 0 193 0
line 160 92 167 96
line 93 160 97 167
line 0 185 0 193
line -92 160 -99 156
line -160 93 -164 86
line -185 0 -185 -8
line -160 -92 -156 -99
line -93 -160 -86 -164
line 0 -185 8 -185
line 92 -160 99 -156
line 160 -93 164 -86
line 185 0 185 8
line 160 92 156 99
line 93 160 86 164
line 0 185 -8 185
line -92 160 -89 154
line -160 93 -154 89
line -185 0 -178 0
line -160 -92 -154 -89
line -93 -160 -89 -154
line 0 -185 0 -178
line 92 -160 89 -154
line 160 -93 154 -89
line 185 0 178 0
line 160 92 154 89
line 93 160 89 154
line 0 185 0 178
line -92 160 -86 164
line -160 93 -156 99
line -185 0 -185 8
line -160 -92 -164 -86
line -93 -160 -99 -156
line 0 -185 -8 -185
line 92 -160 86 -164
line 160 -93 156 -99
line 185 0 185 -8
line 160 92 164 86
line 93 160 99 156
line 0 185 8 185
line -75 130 -81 141
line -130 75 -141 82
line -150 0 -163 0
line -130 -75 -141 -81
line -75 -130 -82 -141
line 0 -150 0 -163
line 75 -130 81 -141
line 130 -75 141 -82
line 150 0 163 0
line 130 75 141 81
line 75 130 82 141
line 0 150 0 163
line -75 130 -86 123
line -130 75 -136 64
line -150 0 -150 -13
line -130 -75 -123 -86
line -75 -130 -64 -136
line 0 -150 13 -150
line 75 -130 86 -123
line 130 -75 136 -64
line 150 0 150 13
line 130 75 123 86
line 75 130 64 136
line 0 150 -13 150
line -75 130 -69 120
line -130 75 -120 69
line -150 0 -138 0
line -130 -75 -120 -69
line -75 -130 -69 -120
line 0 -150 0 -138
line 75 -130 69 -120
line 130 -75 120 -69
line 150 0 138 0
line 130 75 120 69
line 75 130 69 120
line 0 150 0 138
line -75 130 -64 136
line -130 75 -123 86
line -150 0 -150 13
line -130 -75 -136 -64
line -75 -130 -86 -123
line 0 -150 -13 -150
line 75 -130 64 -136
line 130 -75 123 -86
line 150 0 150 -13
line 130 75 136 64
line 75 130 86 123
line 0 150 13 150
line -52 91 -61 107
line -91 53 -107 62
line -105 0 -123 0
line -91 -52 -107 -61
line -53 -91 -62 -107
line 0 -105 0 -123
line 52 -91 61 -107
line 91 -53 107 -62
line 105 0 123 0
line 91 52 107 61
line 53 91 62 107
line 0 105 0 123
line -52 91 -68 82
line -91 53 -100 37
line -105 0 -105 -18
line -91 -52 -82 -68
line -53 -91 -37 -100
line 0 -105 18 -105
line 52 -91 68 -82
line 91 -53 100 -37
line 105 0 105 18
line 91 52 82 68
line 53 91 37 100
line 0 105 -18 105
line -52 91 -44 76
line -91 53 -76 44
line -105 0 -88 0
line -91 -52 -76 -44
line -53 -91 -44 -76
line 0 -105 0 -88
line 52 -91 44 -76
line 91 -53 76 -44
line 105 0 88 0
line 91 52 76 44
line 53 91 44 76
line 0 105 0 88
line -52 91 -37 100
line -91 53 -82 68
line -105 0 -105 18
line -91 -52 -100 -37
line -53 -91 -68 -82
line 0 -105 -18 -105
line 52 -91 37 -100
line 91 -53 82 -68
line 105 0 105 -18
line 91 52 100 37
line 53 91 68 82
line 0 105 18 105
line -25 43 -40 69
line -43 25 -69 40
line -50 0 -80 0
line -43 -25 -69 -40
line -25 -43 -40 -69
line 0 -50 0 -80
line 25 -43 40 -69
line 43 -25 69 -40
line 50 0 80 0
line 43 25 69 40
line 25 43 40 69
line 0 50 0 80
line -25 43 -51 28
line -43 25 -58 -1
line -50 0 -50 -30
line -43 -25 -28 -51
line -25 -43 1 -58
line 0 -50 30 -50
line 25 -43 51 -28
line 43 -25 58 1
line 50 0 50 30
line 43 25 28 51
line 25 43 -1 58
line 0 50 -30 50
line -25 43 -10 17
line -43 25 -17 10
line -50 0 -20 0
line -43 -25 -17 -10
line -25 -43 -10 -17
line 0 -50 0 -20
line 25 -43 10 -17
line 43 -25 17 -10
line 50 0 20 0
line 43 25 17 10
line 25 43 10 17
line 0 50 0 20
line -25 43 1 58
line -43 25 -28 51
line -50 0 -50 30
line -43 -25 -58 1
line -25 -43 -51 -28
line 0 -50 -30 -50
line 25 -43 -1 -58
line 43 -25 28 -51
line 50 0 50 -30
line 43 25 58 -1
line 25 43 51 28
line 0 50 30 50
